%%MatrixMarket matrix coordinate real general
249 249 1715
1 1 463215327.2916259
2 1 -10474661.67229911
4 1 -452740665.6193267
40 1 -5237315.517576556
41 1 5237315.517576556
1 2 -10474661.67229911
2 2 463215327.2916259
40 2 5237315.517576556
41 2 -5237315.517576556
152 2 -452740665.6193267
3 3 1
1 4 -452740665.6193267
4 4 1739025490.96645
7 4 -452740665.6193267
34 4 -116396758.9871828
35 4 17677977.05384881
40 4 -116396758.9871828
41 4 -17677977.05384881
151 4 -160067997.3891685
152 4 -160067997.3891685
154 4 -160067997.3891685
155 4 160067997.3891685
5 5 329313796.0110461
34 5 17677977.05384881
35 5 -2684876.069021969
40 5 -17677977.05384881
41 5 -2684876.069021969
151 5 -160067997.3891685
152 5 -160067997.3891685
154 5 160067997.3891685
155 5 -160067997.3891685
6 6 1
4 7 -452740665.6193267
7 7 463215327.2916259
8 7 10474661.67229911
34 7 -5237315.517576556
35 7 -5237315.517576556
7 8 10474661.67229911
8 8 463215327.2916258
34 8 -5237315.517576556
35 8 -5237315.517576556
155 8 -452740665.6193267
9 9 1
10 10 1
11 11 1
12 12 1
13 13 1
14 14 1
15 15 1
16 16 674708445.7749101
17 16 -14473187.77137997
19 16 -5237346.154722553
20 16 5237346.154722553
25 16 -136562059.5341737
26 16 16717936.81141073
28 16 -374507990.1279694
31 16 -149669831.0738814
32 16 -14718602.73772702
37 16 -5237173.469289995
38 16 5237173.469289995
91 16 -2046610.985391454
92 16 16717936.81141073
118 16 -1447434.429481561
119 16 -14718602.73772702
16 17 -14473187.77137997
17 17 674708445.7749101
19 17 5237346.154722553
20 17 -5237346.154722553
25 17 16717936.81141073
26 17 -2046610.985391454
31 17 -14718602.73772702
32 17 -1447434.429481561
37 17 5237173.469289995
38 17 -5237173.469289995
89 17 -374507990.1279694
91 17 16717936.81141073
92 17 -136562059.5341737
118 17 -14718602.73772702
119 17 -149669831.0738814
18 18 1
16 19 -5237346.154722553
17 19 5237346.154722553
19 19 738284287.1500419
20 19 -12169909.77273008
22 19 -5190560.673721453
23 19 5190560.673721453
25 19 -478993729.9720747
28 19 -136562059.5341737
29 19 -16717936.81141073
43 19 -107372700.4292741
44 19 17588938.28355376
88 19 -2046610.985391454
89 19 -16717936.81141073
94 19 -2881279.40068383
95 19 17588938.28355376
16 20 5237346.154722553
17 20 -5237346.154722553
19 20 -12169909.77273008
20 20 738284287.1500418
22 20 5190560.673721453
23 20 -5190560.673721453
28 20 -16717936.81141073
29 20 -2046610.985391454
43 20 17588938.28355376
44 20 -2881279.40068383
88 20 -16717936.81141073
89 20 -136562059.5341737
92 20 -478993729.9720747
94 20 17588938.28355376
95 20 -107372700.4292741
21 21 1
19 22 -5190560.673721453
20 22 5190560.673721453
22 22 46304196918.03234
23 22 11522249845.17667
25 22 -107372700.4292741
26 22 -17588938.28355376
43 22 -666666666.6666666
49 22 -235702260.3955159
91 22 -2881279.40068383
92 22 -17588938.28355376
157 22 -608716862.8362867
158 22 -152179215.7090717
160 22 -44336333254.29686
161 22 -11084083313.57421
163 22 -341333333.3333333
164 22 -256000000
19 23 5190560.673721453
20 23 -5190560.673721453
22 23 11522249845.17667
23 23 4018879099.886683
25 23 -17588938.28355376
26 23 -2881279.40068383
91 23 -17588938.28355376
92 23 -107372700.4292741
95 23 -666666666.6666666
122 23 -235702260.3955159
157 23 -152179215.7090717
158 23 -38044803.92726792
160 23 -11084083313.57421
161 23 -2771020828.393554
163 23 -256000000
164 23 -192000000
24 24 1
16 25 -136562059.5341737
17 25 16717936.81141073
19 25 -478993729.9720747
22 25 -107372700.4292741
23 25 -17588938.28355376
25 25 738284287.1500419
26 25 12169909.77273008
28 25 -5237346.154722553
29 25 -5237346.154722553
43 25 -5190560.673721453
44 25 -5190560.673721453
97 25 -2881279.40068383
98 25 -17588938.28355376
103 25 -2046610.985391454
104 25 16717936.81141073
16 26 16717936.81141073
17 26 -2046610.985391454
22 26 -17588938.28355376
23 26 -2881279.40068383
25 26 12169909.77273008
26 26 738284287.1500418
28 26 -5237346.154722553
29 26 -5237346.154722553
43 26 -5190560.673721453
44 26 -5190560.673721453
97 26 -17588938.28355376
98 26 -107372700.4292741
101 26 -478993729.9720747
103 26 16717936.81141073
104 26 -136562059.5341737
27 27 1
16 28 -374507990.1279694
19 28 -136562059.5341737
20 28 -16717936.81141073
25 28 -5237346.154722553
26 28 -5237346.154722553
28 28 674708445.7749101
29 28 14473187.77137997
31 28 -5237173.469289995
32 28 -5237173.469289995
37 28 -149669831.0738814
38 28 14718602.73772702
100 28 -2046610.985391454
101 28 -16717936.81141073
106 28 -1447434.429481561
107 28 14718602.73772702
19 29 -16717936.81141073
20 29 -2046610.985391454
25 29 -5237346.154722553
26 29 -5237346.154722553
28 29 14473187.77137997
29 29 674708445.7749101
31 29 -5237173.469289995
32 29 -5237173.469289995
37 29 14718602.73772702
38 29 -1447434.429481561
100 29 -16717936.81141073
101 29 -136562059.5341737
104 29 -374507990.1279694
106 29 14718602.73772702
107 29 -149669831.0738814
30 30 1
16 31 -149669831.0738814
17 31 -14718602.73772702
28 31 -5237173.469289995
29 31 -5237173.469289995
31 31 623222596.9776058
32 31 14739999.23973195
34 31 -5237376.792105881
35 31 -5237376.792105881
37 31 -307444460.1582724
40 31 -153152026.3405409
41 31 12585878.24855898
103 31 -1447434.429481561
104 31 -14718602.73772702
112 31 -1034294.71403356
113 31 12585878.24855898
16 32 -14718602.73772702
17 32 -1447434.429481561
28 32 -5237173.469289995
29 32 -5237173.469289995
31 32 14739999.23973195
32 32 623222596.9776058
34 32 -5237376.792105881
35 32 -5237376.792105881
40 32 12585878.24855898
41 32 -1034294.71403356
103 32 -14718602.73772702
104 32 -149669831.0738814
107 32 -307444460.1582724
112 32 12585878.24855898
113 32 -153152026.3405409
33 33 1
4 34 -116396758.9871828
5 34 17677977.05384881
7 34 -5237315.517576556
8 34 -5237315.517576556
31 34 -5237376.792105881
32 34 -5237376.792105881
34 34 544493401.9901395
35 34 290494.6991027854
37 34 -153152026.3405409
38 34 -12585878.24855898
40 34 -260750753.5696778
106 34 -1034294.71403356
107 34 -12585878.24855898
154 34 -2684876.069021969
155 34 17677977.05384881
4 35 17677977.05384881
5 35 -2684876.069021969
7 35 -5237315.517576556
8 35 -5237315.517576556
31 35 -5237376.792105881
32 35 -5237376.792105881
34 35 290494.6991027854
35 35 544493401.9901395
37 35 -12585878.24855898
38 35 -1034294.71403356
106 35 -12585878.24855898
107 35 -153152026.3405409
113 35 -260750753.5696778
154 35 17677977.05384881
155 35 -116396758.9871828
36 36 1
16 37 -5237173.469289995
17 37 5237173.469289995
28 37 -149669831.0738814
29 37 14718602.73772702
31 37 -307444460.1582724
34 37 -153152026.3405409
35 37 -12585878.24855898
37 37 623222596.9776058
38 37 -14739999.23973195
40 37 -5237376.792105881
41 37 5237376.792105881
88 37 -1447434.429481561
89 37 14718602.73772702
115 37 -1034294.71403356
116 37 -12585878.24855898
16 38 5237173.469289995
17 38 -5237173.469289995
28 38 14718602.73772702
29 38 -1447434.429481561
34 38 -12585878.24855898
35 38 -1034294.71403356
37 38 -14739999.23973195
38 38 623222596.9776058
40 38 5237376.792105881
41 38 -5237376.792105881
88 38 14718602.73772702
89 38 -149669831.0738814
115 38 -12585878.24855898
116 38 -153152026.3405409
119 38 -307444460.1582724
39 39 1
1 40 -5237315.517576556
2 40 5237315.517576556
4 40 -116396758.9871828
5 40 -17677977.05384881
31 40 -153152026.3405409
32 40 12585878.24855898
34 40 -260750753.5696778
37 40 -5237376.792105881
38 40 5237376.792105881
40 40 544493401.9901395
41 40 -290494.6991027873
118 40 -1034294.71403356
119 40 12585878.24855898
151 40 -2684876.069021969
152 40 -17677977.05384881
1 41 5237315.517576556
2 41 -5237315.517576556
4 41 -17677977.05384881
5 41 -2684876.069021969
31 41 12585878.24855898
32 41 -1034294.71403356
37 41 5237376.792105881
38 41 -5237376.792105881
40 41 -290494.6991027873
41 41 544493401.9901395
116 41 -260750753.5696778
118 41 12585878.24855898
119 41 -153152026.3405409
151 41 -17677977.05384881
152 41 -116396758.9871828
42 42 1
19 43 -107372700.4292741
20 43 17588938.28355376
22 43 -666666666.6666666
25 43 -5190560.673721453
26 43 -5190560.673721453
43 43 46304196918.03235
44 43 -11522249845.17667
46 43 -235702260.3955159
100 43 -2881279.40068383
101 43 17588938.28355376
202 43 -608716862.8362867
203 43 152179215.7090717
205 43 -44336333254.29686
206 43 11084083313.57421
208 43 -341333333.3333333
209 43 256000000
19 44 17588938.28355376
20 44 -2881279.40068383
25 44 -5190560.673721453
26 44 -5190560.673721453
43 44 -11522249845.17667
44 44 4018879099.886683
98 44 -666666666.6666666
100 44 17588938.28355376
101 44 -107372700.4292741
125 44 -235702260.3955159
202 44 152179215.7090717
203 44 -38044803.92726792
205 44 11084083313.57421
206 44 -2771020828.393554
208 44 256000000
209 44 -192000000
45 45 1
43 46 -235702260.3955159
46 46 45474404441.75455
47 46 11084083313.57421
49 46 -666666666.6666666
55 46 -235702260.3955159
160 46 -44336333254.29686
161 46 -11084083313.57421
46 47 11084083313.57421
47 47 3909092015.851252
95 47 -235702260.3955159
122 47 -666666666.6666666
128 47 -235702260.3955159
160 47 -11084083313.57421
161 47 -2771020828.393554
48 48 1
22 49 -235702260.3955159
46 49 -666666666.6666666
49 49 45474404441.75455
50 49 -11084083313.57421
52 49 -235702260.3955159
205 49 -44336333254.29686
206 49 11084083313.57421
49 50 -11084083313.57421
50 50 3909092015.851252
98 50 -235702260.3955159
125 50 -666666666.6666666
131 50 -235702260.3955159
205 50 11084083313.57421
206 50 -2771020828.393554
51 51 1
49 52 -235702260.3955159
52 52 46424454637.92418
53 52 11492262529.28329
55 52 -666666666.6666666
61 52 -235702260.3955159
172 52 -608716862.8362867
173 52 -152179215.7090717
175 52 -44336333254.29686
176 52 -11084083313.57421
178 52 -341333333.3333333
179 52 -256000000
52 53 11492262529.28329
53 53 4139136819.77852
122 53 -235702260.3955159
128 53 -666666666.6666666
134 53 -235702260.3955159
172 53 -152179215.7090717
173 53 -38044803.92726792
175 53 -11084083313.57421
176 53 -2771020828.393554
178 53 -256000000
179 53 -192000000
54 54 1
46 55 -235702260.3955159
52 55 -666666666.6666666
55 55 46424454637.92418
56 55 -11492262529.28329
58 55 -235702260.3955159
217 55 -608716862.8362867
218 55 152179215.7090717
220 55 -44336333254.29686
221 55 11084083313.57421
223 55 -341333333.3333333
224 55 256000000
55 56 -11492262529.28329
56 56 4139136819.77852
125 56 -235702260.3955159
131 56 -666666666.6666666
137 56 -235702260.3955159
217 56 152179215.7090717
218 56 -38044803.92726792
220 56 11084083313.57421
221 56 -2771020828.393554
223 56 256000000
224 56 -192000000
57 57 1
55 58 -235702260.3955159
58 58 45474404441.75455
59 58 11084083313.57421
61 58 -666666666.6666666
67 58 -235702260.3955159
175 58 -44336333254.29686
176 58 -11084083313.57421
58 59 11084083313.57421
59 59 3909092015.851252
128 59 -235702260.3955159
134 59 -666666666.6666666
140 59 -235702260.3955159
175 59 -11084083313.57421
176 59 -2771020828.393554
60 60 1
52 61 -235702260.3955159
58 61 -666666666.6666666
61 61 45474404441.75455
62 61 -11084083313.57421
64 61 -235702260.3955159
220 61 -44336333254.29686
221 61 11084083313.57421
61 62 -11084083313.57421
62 62 3909092015.851252
131 62 -235702260.3955159
137 62 -666666666.6666666
143 62 -235702260.3955159
220 62 11084083313.57421
221 62 -2771020828.393554
63 63 1
61 64 -235702260.3955159
64 64 46424454637.92418
65 64 11492262529.28329
67 64 -666666666.6666666
70 64 -235702260.3955159
187 64 -608716862.8362867
188 64 -152179215.7090717
190 64 -44336333254.29686
191 64 -11084083313.57421
193 64 -341333333.3333333
194 64 -256000000
64 65 11492262529.28329
65 65 4139136819.77852
134 65 -235702260.3955159
140 65 -666666666.6666666
149 65 -235702260.3955159
187 65 -152179215.7090717
188 65 -38044803.92726792
190 65 -11084083313.57421
191 65 -2771020828.393554
193 65 -256000000
194 65 -192000000
66 66 1
58 67 -235702260.3955159
64 67 -666666666.6666666
67 67 46424454637.92418
68 67 -11492262529.28329
73 67 -235702260.3955159
232 67 -608716862.8362867
233 67 152179215.7090717
235 67 -44336333254.29686
236 67 11084083313.57421
238 67 -341333333.3333333
239 67 256000000
67 68 -11492262529.28329
68 68 4139136819.77852
137 68 -235702260.3955159
143 68 -666666666.6666666
146 68 -235702260.3955159
232 68 152179215.7090717
233 68 -38044803.92726792
235 68 11084083313.57421
236 68 -2771020828.393554
238 68 256000000
239 68 -192000000
69 69 1
64 70 -235702260.3955159
70 70 45565126284.07986
71 70 -10757659210.8534
73 70 -666666666.6666666
148 70 -235702260.3955159
149 70 -235702260.3955159
235 70 -44336333254.29686
236 70 11084083313.57421
247 70 -90721842.32530308
248 70 -90721842.32530281
70 71 -10757659210.8534
71 71 3999813858.176555
143 71 -235702260.3955159
146 71 -666666666.6666666
148 71 -235702260.3955159
149 71 -235702260.3955159
235 71 11084083313.57421
236 71 -2771020828.393554
247 71 -90721842.32530281
248 71 -90721842.32530259
72 72 1
67 73 -235702260.3955159
70 73 -666666666.6666666
73 73 45565126284.07986
74 73 10757659210.8534
145 73 -235702260.3955159
146 73 235702260.3955159
190 73 -44336333254.29686
191 73 -11084083313.57421
247 73 -90721842.32530294
248 73 90721842.32530275
73 74 10757659210.8534
74 74 3999813858.176555
140 74 -235702260.3955159
145 74 235702260.3955159
146 74 -235702260.3955159
149 74 -666666666.6666666
190 74 -11084083313.57421
191 74 -2771020828.393554
247 74 90721842.32530275
248 74 -90721842.32530259
75 75 1
76 76 463215327.2916259
77 76 10474661.67229912
79 76 -452740665.6193267
115 76 -5237315.517576556
116 76 -5237315.517576556
76 77 10474661.67229912
77 77 463215327.2916259
115 77 -5237315.517576556
116 77 -5237315.517576556
152 77 -452740665.6193267
78 78 1
76 79 -452740665.6193267
79 79 1739025490.966451
82 79 -452740665.6193267
112 79 -116396758.9871828
113 79 -17677977.05384881
115 79 -116396758.9871828
116 79 17677977.05384881
151 79 -160067997.3891685
152 79 160067997.3891685
154 79 -160067997.3891685
155 79 -160067997.3891685
80 80 329313796.0110461
112 80 -17677977.05384881
113 80 -2684876.069021969
115 80 17677977.05384881
116 80 -2684876.069021969
151 80 160067997.3891685
152 80 -160067997.3891685
154 80 -160067997.3891685
155 80 -160067997.3891685
81 81 1
79 82 -452740665.6193267
82 82 463215327.2916259
83 82 -10474661.67229912
112 82 -5237315.517576556
113 82 5237315.517576556
82 83 -10474661.67229912
83 83 463215327.2916259
112 83 5237315.517576556
113 83 -5237315.517576556
155 83 -452740665.6193267
84 84 1
85 85 1
86 86 1
87 87 1
19 88 -2046610.985391454
20 88 -16717936.81141073
37 88 -1447434.429481561
38 88 14718602.73772702
88 88 674708445.7749101
89 88 14473187.77137997
91 88 -5237346.154722553
92 88 -5237346.154722553
100 88 -136562059.5341737
101 88 -16717936.81141073
103 88 -374507990.1279694
106 88 -149669831.0738814
107 88 14718602.73772702
118 88 -5237173.469289995
119 88 -5237173.469289995
17 89 -374507990.1279694
19 89 -16717936.81141073
20 89 -136562059.5341737
37 89 14718602.73772702
38 89 -149669831.0738814
88 89 14473187.77137997
89 89 674708445.7749101
91 89 -5237346.154722553
92 89 -5237346.154722553
100 89 -16717936.81141073
101 89 -2046610.985391454
106 89 14718602.73772702
107 89 -1447434.429481561
118 89 -5237173.469289995
119 89 -5237173.469289995
90 90 1
16 91 -2046610.985391454
17 91 16717936.81141073
22 91 -2881279.40068383
23 91 -17588938.28355376
88 91 -5237346.154722553
89 91 -5237346.154722553
91 91 738284287.1500419
92 91 12169909.77273008
94 91 -5190560.673721453
95 91 -5190560.673721453
97 91 -107372700.4292741
98 91 -17588938.28355376
100 91 -478993729.9720747
103 91 -136562059.5341737
104 91 16717936.81141073
16 92 16717936.81141073
17 92 -136562059.5341737
20 92 -478993729.9720747
22 92 -17588938.28355376
23 92 -107372700.4292741
88 92 -5237346.154722553
89 92 -5237346.154722553
91 92 12169909.77273008
92 92 738284287.1500418
94 92 -5190560.673721453
95 92 -5190560.673721453
97 92 -17588938.28355376
98 92 -2881279.40068383
103 92 16717936.81141073
104 92 -2046610.985391454
93 93 1
19 94 -2881279.40068383
20 94 17588938.28355376
91 94 -5190560.673721453
92 94 -5190560.673721453
94 94 45962863584.69901
95 94 -11266249845.17667
97 94 -666666666.6666666
100 94 -107372700.4292741
101 94 17588938.28355376
124 94 -235702260.3955159
163 94 -608716862.8362867
164 94 152179215.7090717
166 94 -44336333254.29686
167 94 11084083313.57421
19 95 17588938.28355376
20 95 -107372700.4292741
23 95 -666666666.6666666
47 95 -235702260.3955159
91 95 -5190560.673721453
92 95 -5190560.673721453
94 95 -11266249845.17667
95 95 3826879099.886683
100 95 17588938.28355376
101 95 -2881279.40068383
163 95 152179215.7090717
164 95 -38044803.92726792
166 95 11084083313.57421
167 95 -2771020828.393554
96 96 1
25 97 -2881279.40068383
26 97 -17588938.28355376
91 97 -107372700.4292741
92 97 -17588938.28355376
94 97 -666666666.6666666
97 97 45962863584.69901
98 97 11266249845.17667
100 97 -5190560.673721453
101 97 5190560.673721453
121 97 -235702260.3955159
208 97 -608716862.8362867
209 97 -152179215.7090717
211 97 -44336333254.29686
212 97 -11084083313.57421
25 98 -17588938.28355376
26 98 -107372700.4292741
44 98 -666666666.6666666
50 98 -235702260.3955159
91 98 -17588938.28355376
92 98 -2881279.40068383
97 98 11266249845.17667
98 98 3826879099.886683
100 98 5190560.673721453
101 98 -5190560.673721453
208 98 -152179215.7090717
209 98 -38044803.92726792
211 98 -11084083313.57421
212 98 -2771020828.393554
99 99 1
28 100 -2046610.985391454
29 100 -16717936.81141073
43 100 -2881279.40068383
44 100 17588938.28355376
88 100 -136562059.5341737
89 100 -16717936.81141073
91 100 -478993729.9720747
94 100 -107372700.4292741
95 100 17588938.28355376
97 100 -5190560.673721453
98 100 5190560.673721453
100 100 738284287.1500419
101 100 -12169909.77273008
103 100 -5237346.154722553
104 100 5237346.154722553
26 101 -478993729.9720747
28 101 -16717936.81141073
29 101 -136562059.5341737
43 101 17588938.28355376
44 101 -107372700.4292741
88 101 -16717936.81141073
89 101 -2046610.985391454
94 101 17588938.28355376
95 101 -2881279.40068383
97 101 5190560.673721453
98 101 -5190560.673721453
100 101 -12169909.77273008
101 101 738284287.1500418
103 101 5237346.154722553
104 101 -5237346.154722553
102 102 1
25 103 -2046610.985391454
26 103 16717936.81141073
31 103 -1447434.429481561
32 103 -14718602.73772702
88 103 -374507990.1279694
91 103 -136562059.5341737
92 103 16717936.81141073
100 103 -5237346.154722553
101 103 5237346.154722553
103 103 674708445.7749101
104 103 -14473187.77137997
106 103 -5237173.469289995
107 103 5237173.469289995
118 103 -149669831.0738814
119 103 -14718602.73772702
25 104 16717936.81141073
26 104 -136562059.5341737
29 104 -374507990.1279694
31 104 -14718602.73772702
32 104 -149669831.0738814
91 104 16717936.81141073
92 104 -2046610.985391454
100 104 5237346.154722553
101 104 -5237346.154722553
103 104 -14473187.77137997
104 104 674708445.7749101
106 104 5237173.469289995
107 104 -5237173.469289995
118 104 -14718602.73772702
119 104 -1447434.429481561
105 105 1
28 106 -1447434.429481561
29 106 14718602.73772702
34 106 -1034294.71403356
35 106 -12585878.24855898
88 106 -149669831.0738814
89 106 14718602.73772702
103 106 -5237173.469289995
104 106 5237173.469289995
106 106 623222596.9776058
107 106 -14739999.23973195
112 106 -5237376.792105881
113 106 5237376.792105881
115 106 -153152026.3405409
116 106 -12585878.24855898
118 106 -307444460.1582724
28 107 14718602.73772702
29 107 -149669831.0738814
32 107 -307444460.1582724
34 107 -12585878.24855898
35 107 -153152026.3405409
88 107 14718602.73772702
89 107 -1447434.429481561
103 107 5237173.469289995
104 107 -5237173.469289995
106 107 -14739999.23973195
107 107 623222596.9776058
112 107 5237376.792105881
113 107 -5237376.792105881
115 107 -12585878.24855898
116 107 -1034294.71403356
108 108 1
109 109 1
110 110 1
111 111 1
31 112 -1034294.71403356
32 112 12585878.24855898
79 112 -116396758.9871828
80 112 -17677977.05384881
82 112 -5237315.517576556
83 112 5237315.517576556
106 112 -5237376.792105881
107 112 5237376.792105881
112 112 544493401.9901395
113 112 -290494.6991027873
115 112 -260750753.5696778
118 112 -153152026.3405409
119 112 12585878.24855898
154 112 -2684876.069021969
155 112 -17677977.05384881
31 113 12585878.24855898
32 113 -153152026.3405409
35 113 -260750753.5696778
79 113 -17677977.05384881
80 113 -2684876.069021969
82 113 5237315.517576556
83 113 -5237315.517576556
106 113 5237376.792105881
107 113 -5237376.792105881
112 113 -290494.6991027873
113 113 544493401.9901395
118 113 12585878.24855898
119 113 -1034294.71403356
154 113 -17677977.05384881
155 113 -116396758.9871828
114 114 1
37 115 -1034294.71403356
38 115 -12585878.24855898
76 115 -5237315.517576556
77 115 -5237315.517576556
79 115 -116396758.9871828
80 115 17677977.05384881
106 115 -153152026.3405409
107 115 -12585878.24855898
112 115 -260750753.5696778
115 115 544493401.9901395
116 115 290494.6991027873
118 115 -5237376.792105881
119 115 -5237376.792105881
151 115 -2684876.069021969
152 115 17677977.05384881
37 116 -12585878.24855898
38 116 -153152026.3405409
41 116 -260750753.5696778
76 116 -5237315.517576556
77 116 -5237315.517576556
79 116 17677977.05384881
80 116 -2684876.069021969
106 116 -12585878.24855898
107 116 -1034294.71403356
115 116 290494.6991027873
116 116 544493401.9901395
118 116 -5237376.792105881
119 116 -5237376.792105881
151 116 17677977.05384881
152 116 -116396758.9871828
117 117 1
16 118 -1447434.429481561
17 118 -14718602.73772702
40 118 -1034294.71403356
41 118 12585878.24855898
88 118 -5237173.469289995
89 118 -5237173.469289995
103 118 -149669831.0738814
104 118 -14718602.73772702
106 118 -307444460.1582724
112 118 -153152026.3405409
113 118 12585878.24855898
115 118 -5237376.792105881
116 118 -5237376.792105881
118 118 623222596.9776058
119 118 14739999.23973195
16 119 -14718602.73772702
17 119 -149669831.0738814
38 119 -307444460.1582724
40 119 12585878.24855898
41 119 -153152026.3405409
88 119 -5237173.469289995
89 119 -5237173.469289995
103 119 -14718602.73772702
104 119 -1447434.429481561
112 119 12585878.24855898
113 119 -1034294.71403356
115 119 -5237376.792105881
116 119 -5237376.792105881
118 119 14739999.23973195
119 119 623222596.9776058
120 120 1
97 121 -235702260.3955159
121 121 45474404441.75455
122 121 -11084083313.57421
124 121 -666666666.6666666
130 121 -235702260.3955159
166 121 -44336333254.29686
167 121 11084083313.57421
23 122 -235702260.3955159
47 122 -666666666.6666666
53 122 -235702260.3955159
121 122 -11084083313.57421
122 122 3909092015.851252
166 122 11084083313.57421
167 122 -2771020828.393554
123 123 1
94 124 -235702260.3955159
121 124 -666666666.6666666
124 124 45474404441.75455
125 124 11084083313.57421
127 124 -235702260.3955159
211 124 -44336333254.29686
212 124 -11084083313.57421
44 125 -235702260.3955159
50 125 -666666666.6666666
56 125 -235702260.3955159
124 125 11084083313.57421
125 125 3909092015.851252
211 125 -11084083313.57421
212 125 -2771020828.393554
126 126 1
124 127 -235702260.3955159
127 127 46083121304.59084
128 127 -11236262529.28329
130 127 -666666666.6666666
136 127 -235702260.3955159
178 127 -608716862.8362867
179 127 152179215.7090717
181 127 -44336333254.29686
182 127 11084083313.57421
47 128 -235702260.3955159
53 128 -666666666.6666666
59 128 -235702260.3955159
127 128 -11236262529.28329
128 128 3947136819.77852
178 128 152179215.7090717
179 128 -38044803.92726792
181 128 11084083313.57421
182 128 -2771020828.393554
129 129 1
121 130 -235702260.3955159
127 130 -666666666.6666666
130 130 46083121304.59084
131 130 11236262529.28329
133 130 -235702260.3955159
223 130 -608716862.8362867
224 130 -152179215.7090717
226 130 -44336333254.29686
227 130 -11084083313.57421
50 131 -235702260.3955159
56 131 -666666666.6666666
62 131 -235702260.3955159
130 131 11236262529.28329
131 131 3947136819.77852
223 131 -152179215.7090717
224 131 -38044803.92726792
226 131 -11084083313.57421
227 131 -2771020828.393554
132 132 1
130 133 -235702260.3955159
133 133 45474404441.75455
134 133 -11084083313.57421
136 133 -666666666.6666666
142 133 -235702260.3955159
181 133 -44336333254.29686
182 133 11084083313.57421
53 134 -235702260.3955159
59 134 -666666666.6666666
65 134 -235702260.3955159
133 134 -11084083313.57421
134 134 3909092015.851252
181 134 11084083313.57421
182 134 -2771020828.393554
135 135 1
127 136 -235702260.3955159
133 136 -666666666.6666666
136 136 45474404441.75455
137 136 11084083313.57421
139 136 -235702260.3955159
226 136 -44336333254.29686
227 136 -11084083313.57421
56 137 -235702260.3955159
62 137 -666666666.6666666
68 137 -235702260.3955159
136 137 11084083313.57421
137 137 3909092015.851252
226 137 -11084083313.57421
227 137 -2771020828.393554
138 138 1
136 139 -235702260.3955159
139 139 46083121304.59084
140 139 -11236262529.28329
142 139 -666666666.6666666
145 139 -235702260.3955159
193 139 -608716862.8362867
194 139 152179215.7090717
196 139 -44336333254.29686
197 139 11084083313.57421
59 140 -235702260.3955159
65 140 -666666666.6666666
74 140 -235702260.3955159
139 140 -11236262529.28329
140 140 3947136819.77852
193 140 152179215.7090717
194 140 -38044803.92726792
196 140 11084083313.57421
197 140 -2771020828.393554
141 141 1
133 142 -235702260.3955159
139 142 -666666666.6666666
142 142 46083121304.59084
143 142 11236262529.28329
148 142 -235702260.3955159
238 142 -608716862.8362867
239 142 -152179215.7090717
241 142 -44336333254.29686
242 142 -11084083313.57421
62 143 -235702260.3955159
68 143 -666666666.6666666
71 143 -235702260.3955159
142 143 11236262529.28329
143 143 3947136819.77852
238 143 -152179215.7090717
239 143 -38044803.92726792
241 143 -11084083313.57421
242 143 -2771020828.393554
144 144 1
73 145 -235702260.3955159
74 145 235702260.3955159
139 145 -235702260.3955159
145 145 45565126284.07986
146 145 10757659210.8534
148 145 -666666666.6666666
241 145 -44336333254.29686
242 145 -11084083313.57421
247 145 -90721842.32530278
248 145 90721842.32530297
68 146 -235702260.3955159
71 146 -666666666.6666666
73 146 235702260.3955159
74 146 -235702260.3955159
145 146 10757659210.8534
146 146 3999813858.176555
241 146 -11084083313.57421
242 146 -2771020828.393554
247 146 90721842.32530297
248 146 -90721842.32530314
147 147 1
70 148 -235702260.3955159
71 148 -235702260.3955159
142 148 -235702260.3955159
145 148 -666666666.6666666
148 148 45565126284.07986
149 148 -10757659210.8534
196 148 -44336333254.29686
197 148 11084083313.57421
247 148 -90721842.32530276
248 148 -90721842.32530303
65 149 -235702260.3955159
70 149 -235702260.3955159
71 149 -235702260.3955159
74 149 -666666666.6666666
148 149 -10757659210.8534
149 149 3999813858.176555
196 149 11084083313.57421
197 149 -2771020828.393554
247 149 -90721842.32530303
248 149 -90721842.32530326
150 150 1
4 151 -160067997.3891685
5 151 -160067997.3891685
40 151 -2684876.069021969
41 151 -17677977.05384881
79 151 -160067997.3891685
80 151 160067997.3891685
115 151 -2684876.069021969
116 151 17677977.05384881
151 151 329313796.0110461
152 151 2.980232238769531e-08
2 152 -452740665.6193267
4 152 -160067997.3891685
5 152 -160067997.3891685
40 152 -17677977.05384881
41 152 -116396758.9871828
77 152 -452740665.6193267
79 152 160067997.3891685
80 152 -160067997.3891685
115 152 17677977.05384881
116 152 -116396758.9871828
151 152 2.980232238769531e-08
152 152 1739025490.966451
153 153 1
4 154 -160067997.3891685
5 154 160067997.3891685
34 154 -2684876.069021969
35 154 17677977.05384881
79 154 -160067997.3891685
80 154 -160067997.3891685
112 154 -2684876.069021969
113 154 -17677977.05384881
154 154 329313796.0110461
155 154 -2.980232238769531e-08
4 155 160067997.3891685
5 155 -160067997.3891685
8 155 -452740665.6193267
34 155 17677977.05384881
35 155 -116396758.9871828
79 155 -160067997.3891685
80 155 -160067997.3891685
83 155 -452740665.6193267
112 155 -17677977.05384881
113 155 -116396758.9871828
154 155 -2.980232238769531e-08
155 155 1739025490.966451
156 156 1
22 157 -608716862.8362867
23 157 -152179215.7090717
157 157 1217433725.672574
158 157 304358431.418143
169 157 -608716862.8362871
170 157 -152179215.7090714
22 158 -152179215.7090717
23 158 -38044803.92726792
157 158 304358431.418143
158 158 180549875020.2911
164 158 -133333333333.3333
167 158 -47140452079.10319
169 158 -152179215.7090714
170 158 -38044803.92726777
159 159 1
22 160 -44336333254.29686
23 160 -11084083313.57421
46 160 -44336333254.29686
47 160 -11084083313.57421
160 160 133008999762.8906
161 160 33252249940.72263
169 160 -44336333254.29688
170 160 -11084083313.5742
22 161 -11084083313.57421
23 161 -2771020828.393554
46 161 -11084083313.57421
47 161 -2771020828.393554
160 161 33252249940.72263
161 161 188786847897.6172
164 161 -47140452079.10319
167 161 -133333333333.3333
169 161 -11084083313.57419
170 161 -2771020828.393542
162 162 1
22 163 -341333333.3333333
23 163 -256000000
94 163 -608716862.8362867
95 163 152179215.7090717
163 163 1558767059.005906
164 163 -48358431.41814351
169 163 -608716862.8362861
170 163 152179215.7090719
22 164 -256000000
23 164 -192000000
94 164 152179215.7090717
95 164 -38044803.92726792
158 164 -133333333333.3333
161 164 -47140452079.10319
163 164 -48358431.41814351
164 164 180741875020.2911
169 164 152179215.7090719
170 164 -38044803.92726807
165 165 1
94 166 -44336333254.29686
95 166 11084083313.57421
121 166 -44336333254.29686
122 166 11084083313.57421
166 166 133008999762.8905
167 166 -33252249940.72266
169 166 -44336333254.29683
170 166 11084083313.57423
94 167 11084083313.57421
95 167 -2771020828.393554
121 167 11084083313.57421
122 167 -2771020828.393554
158 167 -47140452079.10319
161 167 -133333333333.3333
166 167 -33252249940.72266
167 167 188786847897.6172
169 167 11084083313.57424
170 167 -2771020828.393565
168 168 1
157 169 -608716862.8362871
158 169 -152179215.7090714
160 169 -44336333254.29688
161 169 -11084083313.5742
163 169 -608716862.8362861
164 169 152179215.7090719
166 169 -44336333254.29683
167 169 11084083313.57423
169 169 89890100234.2663
170 169 -3.862380981445312e-05
157 170 -152179215.7090714
158 170 -38044803.92726777
160 170 -11084083313.57419
161 170 -2771020828.393542
163 170 152179215.7090719
164 170 -38044803.92726807
166 170 11084083313.57424
167 170 -2771020828.393565
169 170 -4.243850708007812e-05
170 170 5618131264.641644
171 171 1
52 172 -608716862.8362867
53 172 -152179215.7090717
172 172 1217433725.672574
173 172 304358431.4181428
184 172 -608716862.8362874
185 172 -152179215.7090711
52 173 -152179215.7090717
53 173 -38044803.92726792
172 173 304358431.4181428
173 173 180549875020.2911
179 173 -133333333333.3333
182 173 -47140452079.10319
184 173 -152179215.7090711
185 173 -38044803.9272676
174 174 1
52 175 -44336333254.29686
53 175 -11084083313.57421
58 175 -44336333254.29686
59 175 -11084083313.57421
175 175 133008999762.8906
176 175 33252249940.7226
184 175 -44336333254.29688
185 175 -11084083313.57417
52 176 -11084083313.57421
53 176 -2771020828.393554
58 176 -11084083313.57421
59 176 -2771020828.393554
175 176 33252249940.7226
176 176 188786847897.6172
179 176 -47140452079.10319
182 176 -133333333333.3333
184 176 -11084083313.57417
185 176 -2771020828.393529
177 177 1
52 178 -341333333.3333333
53 178 -256000000
127 178 -608716862.8362867
128 178 152179215.7090717
178 178 1558767059.005906
179 178 -48358431.41814393
184 178 -608716862.8362861
185 178 152179215.7090723
52 179 -256000000
53 179 -192000000
127 179 152179215.7090717
128 179 -38044803.92726792
173 179 -133333333333.3333
176 179 -47140452079.10319
178 179 -48358431.41814393
179 179 180741875020.2911
184 179 152179215.7090723
185 179 -38044803.92726824
180 180 1
127 181 -44336333254.29686
128 181 11084083313.57421
133 181 -44336333254.29686
134 181 11084083313.57421
181 181 133008999762.8905
182 181 -33252249940.72269
184 181 -44336333254.29683
185 181 11084083313.57426
127 182 11084083313.57421
128 182 -2771020828.393554
133 182 11084083313.57421
134 182 -2771020828.393554
173 182 -47140452079.10319
176 182 -133333333333.3333
181 182 -33252249940.72269
182 182 188786847897.6172
184 182 11084083313.57426
185 182 -2771020828.393578
183 183 1
172 184 -608716862.8362874
173 184 -152179215.7090711
175 184 -44336333254.29688
176 184 -11084083313.57417
178 184 -608716862.8362861
179 184 152179215.7090723
181 184 -44336333254.29683
182 184 11084083313.57426
184 184 89890100234.2663
185 184 -9.268522262573242e-05
172 185 -152179215.7090711
173 185 -38044803.9272676
175 185 -11084083313.57417
176 185 -2771020828.393529
178 185 152179215.7090723
179 185 -38044803.92726824
181 185 11084083313.57426
182 185 -2771020828.393578
184 185 -9.268522262573242e-05
185 185 5618131264.641644
186 186 1
64 187 -608716862.8362867
65 187 -152179215.7090717
187 187 1217433725.672574
188 187 304358431.4181428
199 187 -608716862.8362874
200 187 -152179215.7090711
64 188 -152179215.7090717
65 188 -38044803.92726792
187 188 304358431.4181428
188 188 180549875020.2911
194 188 -133333333333.3333
197 188 -47140452079.10319
199 188 -152179215.7090711
200 188 -38044803.9272676
189 189 1
64 190 -44336333254.29686
65 190 -11084083313.57421
73 190 -44336333254.29686
74 190 -11084083313.57421
190 190 133008999762.8906
191 190 33252249940.7226
199 190 -44336333254.29688
200 190 -11084083313.57417
64 191 -11084083313.57421
65 191 -2771020828.393554
73 191 -11084083313.57421
74 191 -2771020828.393554
190 191 33252249940.7226
191 191 188786847897.6172
194 191 -47140452079.10319
197 191 -133333333333.3333
199 191 -11084083313.57417
200 191 -2771020828.393529
192 192 1
64 193 -341333333.3333333
65 193 -256000000
139 193 -608716862.8362867
140 193 152179215.7090717
193 193 1558767059.005906
194 193 -48358431.41814393
199 193 -608716862.8362861
200 193 152179215.7090723
64 194 -256000000
65 194 -192000000
139 194 152179215.7090717
140 194 -38044803.92726792
188 194 -133333333333.3333
191 194 -47140452079.10319
193 194 -48358431.41814393
194 194 180741875020.2911
199 194 152179215.7090723
200 194 -38044803.92726824
195 195 1
139 196 -44336333254.29686
140 196 11084083313.57421
148 196 -44336333254.29686
149 196 11084083313.57421
196 196 133008999762.8905
197 196 -33252249940.72269
199 196 -44336333254.29683
200 196 11084083313.57426
139 197 11084083313.57421
140 197 -2771020828.393554
148 197 11084083313.57421
149 197 -2771020828.393554
188 197 -47140452079.10319
191 197 -133333333333.3333
196 197 -33252249940.72269
197 197 188786847897.6172
199 197 11084083313.57426
200 197 -2771020828.393578
198 198 1
187 199 -608716862.8362874
188 199 -152179215.7090711
190 199 -44336333254.29688
191 199 -11084083313.57417
193 199 -608716862.8362861
194 199 152179215.7090723
196 199 -44336333254.29683
197 199 11084083313.57426
199 199 89890100234.2663
200 199 -9.268522262573242e-05
187 200 -152179215.7090711
188 200 -38044803.9272676
190 200 -11084083313.57417
191 200 -2771020828.393529
193 200 152179215.7090723
194 200 -38044803.92726824
196 200 11084083313.57426
197 200 -2771020828.393578
199 200 -9.268522262573242e-05
200 200 5618131264.641644
201 201 1
43 202 -608716862.8362867
44 202 152179215.7090717
202 202 1217433725.672573
203 202 -304358431.4181436
214 202 -608716862.8362864
215 202 152179215.7090719
43 203 152179215.7090717
44 203 -38044803.92726792
202 203 -304358431.4181436
203 203 180549875020.2911
209 203 -133333333333.3333
212 203 -47140452079.10319
214 203 152179215.7090719
215 203 -38044803.92726806
204 204 1
43 205 -44336333254.29686
44 205 11084083313.57421
49 205 -44336333254.29686
50 205 11084083313.57421
205 205 133008999762.8906
206 205 -33252249940.72266
214 205 -44336333254.29686
215 205 11084083313.57424
43 206 11084083313.57421
44 206 -2771020828.393554
49 206 11084083313.57421
50 206 -2771020828.393554
205 206 -33252249940.72266
206 206 188786847897.6172
209 206 -47140452079.10319
212 206 -133333333333.3333
214 206 11084083313.57424
215 206 -2771020828.393565
207 207 1
43 208 -341333333.3333333
44 208 256000000
97 208 -608716862.8362867
98 208 -152179215.7090717
208 208 1558767059.005907
209 208 48358431.41814303
214 208 -608716862.8362867
215 208 -152179215.7090714
43 209 256000000
44 209 -192000000
97 209 -152179215.7090717
98 209 -38044803.92726792
203 209 -133333333333.3333
206 209 -47140452079.10319
208 209 48358431.41814303
209 209 180741875020.2911
214 209 -152179215.7090714
215 209 -38044803.92726776
210 210 1
97 211 -44336333254.29686
98 211 -11084083313.57421
124 211 -44336333254.29686
125 211 -11084083313.57421
211 211 133008999762.8906
212 211 33252249940.72263
214 211 -44336333254.29688
215 211 -11084083313.5742
97 212 -11084083313.57421
98 212 -2771020828.393554
124 212 -11084083313.57421
125 212 -2771020828.393554
203 212 -47140452079.10319
206 212 -133333333333.3333
211 212 33252249940.72263
212 212 188786847897.6172
214 212 -11084083313.5742
215 212 -2771020828.393544
213 213 1
202 214 -608716862.8362864
203 214 152179215.7090719
205 214 -44336333254.29686
206 214 11084083313.57424
208 214 -608716862.8362867
209 214 -152179215.7090714
211 214 -44336333254.29688
212 214 -11084083313.5742
214 214 89890100234.26633
215 214 -3.677606582641602e-05
202 215 152179215.7090719
203 215 -38044803.92726806
205 215 11084083313.57424
206 215 -2771020828.393565
208 215 -152179215.7090714
209 215 -38044803.92726776
211 215 -11084083313.5742
212 215 -2771020828.393544
214 215 -3.677606582641602e-05
215 215 5618131264.641645
216 216 1
55 217 -608716862.8362867
56 217 152179215.7090717
217 217 1217433725.672573
218 217 -304358431.4181433
229 217 -608716862.8362867
230 217 152179215.7090716
55 218 152179215.7090717
56 218 -38044803.92726792
217 218 -304358431.4181433
218 218 180549875020.2911
224 218 -133333333333.3333
227 218 -47140452079.10319
229 218 152179215.7090716
230 218 -38044803.9272679
219 219 1
55 220 -44336333254.29686
56 220 11084083313.57421
61 220 -44336333254.29686
62 220 11084083313.57421
220 220 133008999762.8906
221 220 -33252249940.72264
229 220 -44336333254.29686
230 220 11084083313.57421
55 221 11084083313.57421
56 221 -2771020828.393554
61 221 11084083313.57421
62 221 -2771020828.393554
220 221 -33252249940.72264
221 221 188786847897.6172
224 221 -47140452079.10319
227 221 -133333333333.3333
229 221 11084083313.57421
230 221 -2771020828.393552
222 222 1
55 223 -341333333.3333333
56 223 256000000
130 223 -608716862.8362867
131 223 -152179215.7090717
223 223 1558767059.005907
224 223 48358431.41814339
229 223 -608716862.8362867
230 223 -152179215.7090717
55 224 256000000
56 224 -192000000
130 224 -152179215.7090717
131 224 -38044803.92726792
218 224 -133333333333.3333
221 224 -47140452079.10319
223 224 48358431.41814339
224 224 180741875020.2911
229 224 -152179215.7090718
230 224 -38044803.92726794
225 225 1
130 226 -44336333254.29686
131 226 -11084083313.57421
136 226 -44336333254.29686
137 226 -11084083313.57421
226 226 133008999762.8906
227 226 33252249940.72265
229 226 -44336333254.29686
230 226 -11084083313.57422
130 227 -11084083313.57421
131 227 -2771020828.393554
136 227 -11084083313.57421
137 227 -2771020828.393554
218 227 -47140452079.10319
221 227 -133333333333.3333
226 227 33252249940.72265
227 227 188786847897.6172
229 227 -11084083313.57422
230 227 -2771020828.393555
228 228 1
217 229 -608716862.8362867
218 229 152179215.7090716
220 229 -44336333254.29686
221 229 11084083313.57421
223 229 -608716862.8362867
224 229 -152179215.7090717
226 229 -44336333254.29686
227 229 -11084083313.57422
229 229 89890100234.2663
230 229 5.811452865600586e-06
217 230 152179215.7090716
218 230 -38044803.9272679
220 230 11084083313.57421
221 230 -2771020828.393552
223 230 -152179215.7090718
224 230 -38044803.92726794
226 230 -11084083313.57422
227 230 -2771020828.393555
229 230 5.841255187988281e-06
230 230 5618131264.641644
231 231 1
67 232 -608716862.8362867
68 232 152179215.7090717
232 232 1217433725.672573
233 232 -304358431.4181433
244 232 -608716862.8362867
245 232 152179215.7090716
67 233 152179215.7090717
68 233 -38044803.92726792
232 233 -304358431.4181433
233 233 180549875020.2911
239 233 -133333333333.3333
242 233 -47140452079.10319
244 233 152179215.7090716
245 233 -38044803.9272679
234 234 1
67 235 -44336333254.29686
68 235 11084083313.57421
70 235 -44336333254.29686
71 235 11084083313.57421
235 235 133008999762.8906
236 235 -33252249940.72264
244 235 -44336333254.29686
245 235 11084083313.57421
67 236 11084083313.57421
68 236 -2771020828.393554
70 236 11084083313.57421
71 236 -2771020828.393554
235 236 -33252249940.72264
236 236 188786847897.6172
239 236 -47140452079.10319
242 236 -133333333333.3333
244 236 11084083313.57421
245 236 -2771020828.393552
237 237 1
67 238 -341333333.3333333
68 238 256000000
142 238 -608716862.8362867
143 238 -152179215.7090717
238 238 1558767059.005907
239 238 48358431.41814339
244 238 -608716862.8362867
245 238 -152179215.7090717
67 239 256000000
68 239 -192000000
142 239 -152179215.7090717
143 239 -38044803.92726792
233 239 -133333333333.3333
236 239 -47140452079.10319
238 239 48358431.41814339
239 239 180741875020.2911
244 239 -152179215.7090718
245 239 -38044803.92726794
240 240 1
142 241 -44336333254.29686
143 241 -11084083313.57421
145 241 -44336333254.29686
146 241 -11084083313.57421
241 241 133008999762.8906
242 241 33252249940.72265
244 241 -44336333254.29686
245 241 -11084083313.57422
142 242 -11084083313.57421
143 242 -2771020828.393554
145 242 -11084083313.57421
146 242 -2771020828.393554
233 242 -47140452079.10319
236 242 -133333333333.3333
241 242 33252249940.72265
242 242 188786847897.6172
244 242 -11084083313.57422
245 242 -2771020828.393555
243 243 1
232 244 -608716862.8362867
233 244 152179215.7090716
235 244 -44336333254.29686
236 244 11084083313.57421
238 244 -608716862.8362867
239 244 -152179215.7090717
241 244 -44336333254.29686
242 244 -11084083313.57422
244 244 89890100234.2663
245 244 5.811452865600586e-06
232 245 152179215.7090716
233 245 -38044803.9272679
235 245 11084083313.57421
236 245 -2771020828.393552
238 245 -152179215.7090718
239 245 -38044803.92726794
241 245 -11084083313.57422
242 245 -2771020828.393555
244 245 5.841255187988281e-06
245 245 5618131264.641644
246 246 1
70 247 -90721842.32530308
71 247 -90721842.32530281
73 247 -90721842.32530294
74 247 90721842.32530275
145 247 -90721842.32530278
146 247 90721842.32530297
148 247 -90721842.32530276
149 247 -90721842.32530303
247 247 362887369.3012116
248 247 1.192092895507812e-07
70 248 -90721842.32530281
71 248 -90721842.32530259
73 248 90721842.32530275
74 248 -90721842.32530259
145 248 90721842.32530297
146 248 -90721842.32530314
148 248 -90721842.32530303
149 248 -90721842.32530326
247 248 1.192092895507812e-07
248 248 362887369.3012115
249 249 1
